Sorted Distance and Sorted Time with their indices
89906    8213    70  70
112968    11361    182  327
136827    12442    332  413
163085    12745    199  182
172332    13861    413  202
180631    14490    327  199
224094    16216    220  332
244191    17582    427  397
244587    19897    202  427
272893    20698    397  274
302345    21409    21  179
302505    21567    281  281
328088    22019    90  220
340672    22807    362  21
343846    24253    223  223
345294    26681    29  423
345714    26868    274  72
346792    27287    72  386
381389    27491    179  10
390116    27654    344  194
391245    27722    10  90
400708    29780    260  29
415144    29833    345  260
425584    30884    331  166
430743    31812    43  393
440008    31988    386  28
453319    32387    253  345
455050    33445    45  253
459940    34351    28  140
463493    34462    350  394
474075    34559    71  172
480239    35511    69  165
530473    35674    194  43
535647    35818    337  124
535836    36103    330  143
544679    36601    166  298
547453    36886    77  104
550786    37407    75  362
553418    38046    423  215
554597    38343    124  198
560132    39901    104  309
561716    40074    357  45
562590    40282    394  420
573394    40903    101  75
573855    40961    143  115
576573    41173    393  264
578539    41525    106  106
588497    41988    42  118
591445    42307    140  305
592706    42535    420  69
594023    42603    183  312
599385    42942    115  183
599566    43710    165  331
606979    43867    305  101
621625    44484    373  291
629732    44494    215  299
631678    44693    118  344
632223    46275    172  156
632819    47754    348  348
636932    48074    298  313
669803    48735    309  219
671056    49010    403  258
700480    49221    204  330
705031    50317    44  71
721019    50721    312  180
730459    50785    264  266
733755    53187    258  151
734554    53522    84  4
736858    54031    156  243
740884    54056    255  158
769161    54085    129  204
773300    54221    291  396
775423    54419    299  350
781503    54965    198  403
787053    55741    240  42
788091    55969    4  240
794300    56718    50  131
798667    59010    99  99
806499    59579    48  357
822201    59633    313  187
830138    60043    131  77
839411    60427    243  84
878115    60956    371  279
880762    61206    219  129
897164    61245    57  159
900937    61503    180  421
901238    61973    158  255
944448    62000    151  57
971953    62301    93  337
978969    62353    96  18
980235    62904    266  310
982673    63049    396  48
989505    63088    421  320
996150    63469    80  176
1011527    63561    335  11
1017678    63584    360  108
1019279    65439    401  135
1024309    66509    13  401
1024586    66728    310  13
1034876    67207    18  44
1036502    67380    187  371
1060578    67602    247  177
1068134    67824    64  235
1078183    68196    353  100
1079731    68618    11  119
1082565    68821    108  3
1086394    69525    381  132
1090478    69578    400  96
1104542    69826    100  432
1106898    70025    119  208
1108563    70264    135  322
1122196    71084    132  116
1125297    71120    235  382
1135761    71134    208  329
1143238    71155    279  262
1148180    71740    250  93
1151111    72209    159  111
1151483    72213    176  133
1152086    72267    105  160
1152877    72524    30  125
1153497    72913    320  373
1153782    73662    3  141
1172093    73786    111  80
1186628    75510    304  87
1187312    75616    26  247
1190634    75768    177  254
1199940    76301    125  304
1200871    76562    142  105
1209968    76787    384  142
1219673    76899    133  26
1222546    77400    12  127
1230524    77644    262  12
1230642    77985    382  381
1235855    78513    98  239
1250326    79250    160  328
1251520    79390    432  422
1251863    79551    53  265
1252501    80074    254  64
1293670    80301    329  389
1310544    80331    87  201
1323479    80401    376  50
1323847    80566    37  411
1329193    80637    141  353
1336880    80883    322  384
1338109    81396    126  163
1344373    81453    78  184
1363138    81628    97  324
1369019    81740    116  433
1369302    82845    95  335
1376327    83933    239  271
1379037    84139    311  112
1385170    84146    422  30
1388236    84864    389  430
1404642    85352    127  78
1405066    85985    252  259
1409759    85993    88  307
1411522    86532    73  88
1411772    86581    110  134
1422059    86765    130  426
1422211    87043    328  130
1426406    87616    351  250
1432909    88233    259  98
1436516    88409    103  110
1438834    89008    271  395
1439123    89351    265  25
1441874    89807    324  188
1447652    90388    112  283
1456891    90422    340  360
1457643    90723    433  222
1462048    91845    184  205
1463042    92203    365  351
1474442    92403    25  311
1475273    92584    307  405
1486842    95010    430  73
1488034    95147    9  86
1493555    95161    346  113
1498482    95174    411  314
1501475    95256    201  200
1510075    95717    426  9
1510256    95932    395  53
1518542    96064    163  5
1532348    96131    251  325
1533039    97215    416  410
1538513    97728    249  149
1546867    98056    113  390
1559017    98585    5  425
1561307    99610    205  400
1562237    99803    134  228
1571945    100199    405  209
1598205    100232    149  174
1600062    100263    390  376
1600086    100559    51  296
1600733    101101    222  181
1605726    101289    257  161
1611233    101861    402  346
1631326    101904    228  162
1632867    102220    314  37
1654225    102254    86  126
1663515    102641    58  23
1664764    103028    188  388
1665423    103185    319  319
1667236    103900    46  95
1668002    104194    410  256
1671702    104346    374  148
1671848    104449    387  387
1683387    104548    256  276
1688029    104586    425  195
1689023    105294    107  306
1689961    105648    306  221
1704711    106184    248  402
1706737    106271    388  252
1707434    106472    148  431
1711908    106577    325  171
1712500    107448    200  380
1717869    107498    283  51
1720009    108944    261  248
1734223    109851    171  261
1738852    110814    369  27
1743427    110930    94  278
1745207    111097    161  408
1745404    111125    121  19
1749592    111410    380  245
1764023    111427    209  82
1797677    111682    23  97
1804992    111829    195  374
1805114    112077    338  288
1807453    112136    162  117
1811265    112296    363  107
1811759    112410    221  272
1828336    112721    181  280
1828449    112741    431  193
1835268    113375    2  263
1840981    113890    263  157
1866724    114187    153  94
1866919    114485    157  153
1871546    114979    174  216
1872264    115554    333  89
1878400    115708    278  178
1878415    115728    358  340
1880873    117156    296  46
1881262    117858    414  385
1897038    118278    82  355
1904251    119122    216  424
1904640    119271    89  412
1909122    119872    385  391
1919228    119960    31  74
1930341    120501    19  242
1932628    120685    193  58
1936327    120706    79  164
1940963    120837    326  282
1945487    121408    74  103
1950075    121487    27  369
1951235    121623    383  225
1953932    121694    429  2
1966832    121938    245  249
1979071    122740    355  6
1989961    122842    288  67
2002290    123133    123  214
2004585    123305    272  365
2013459    123354    67  61
2014255    124085    276  326
2018360    124183    352  114
2027520    124414    347  136
2028735    124423    102  185
2030731    125028    139  79
2031886    125392    214  429
2041748    125644    114  24
2048395    126811    408  347
2056872    127294    225  338
2057904    127551    178  277
2077668    127897    91  121
2095536    128044    301  434
2096299    128053    242  91
2099111    128264    117  139
2117094    128862    136  173
2120421    129053    85  398
2120828    129721    20  251
2125017    129758    61  102
2129573    129977    122  229
2135737    130297    120  190
2146999    130739    155  196
2152460    130771    24  154
2152752    131005    55  301
2156616    131344    154  155
2166652    131879    280  352
2168993    132843    282  416
2171640    133573    173  55
2178053    133762    6  7
2184243    134101    391  409
2186329    134376    109  62
2192040    134815    52  206
2200792    134871    412  363
2201200    135426    47  241
2202951    135436    128  137
2205463    136952    424  333
2210567    137905    190  378
2216309    138939    137  109
2224232    139074    62  295
2224367    139446    378  257
2256290    139920    164  203
2259588    140049    229  20
2263656    140689    375  211
2269172    141131    40  217
2272816    142106    370  47
2277269    142831    7  31
2307324    143249    241  428
2309826    144410    211  414
2316497    144529    399  358
2341838    144554    398  404
2346783    144757    434  236
2352422    144988    303  40
2357779    145378    342  85
2363930    145499    367  34
2369038    145834    277  293
2380648    146437    185  370
2380730    146531    34  246
2397068    146552    339  123
2399816    146911    236  60
2403178    146938    409  399
2403219    147021    364  321
2405436    147174    404  52
2406228    148952    334  192
2412379    149660    359  303
2416271    150312    196  224
2429527    151505    295  375
2433928    152012    418  289
2443329    152911    246  234
2443461    153370    1  342
2462031    154007    321  297
2463184    154572    392  168
2467453    155458    192  383
2473216    156119    415  406
2474091    156522    406  35
2479705    158573    302  1
2479907    159344    206  213
2479946    160946    35  367
2485869    161629    300  273
2495169    161902    60  334
2515530    162219    217  120
2524785    162784    273  8
2527451    163398    234  63
2528123    163398    15  81
2549394    164458    428  138
2553083    164593    308  226
2566712    164619    213  189
2573866    165289    203  68
2577216    165326    168  300
2594736    165476    191  186
2600900    165692    189  15
2641590    165759    76  76
2668114    166970    197  339
2673124    168837    224  294
2693995    169056    212  33
2700159    169105    210  92
2701035    169479    0  359
2711190    170002    138  122
2719113    170249    63  354
2723623    170467    349  231
2730529    170485    81  418
2742220    170909    289  237
2744125    172401    293  191
2750882    172610    33  349
2767373    172732    218  316
2772149    173109    8  302
2784933    173227    68  170
2785009    174547    17  364
2799185    174940    83  83
2805391    175011    231  210
2807760    175597    92  392
2812562    175868    354  207
2834102    179727    170  128
2849075    179839    65  65
2867607    179878    316  150
2881218    180090    356  244
2886881    180902    150  0
2896522    181791    297  356
2897304    182127    49  197
2912292    182794    16  212
2918456    182835    14  308
2932081    184085    268  415
2961385    184347    169  17
2967549    185544    167  36
2968919    185544    372  54
2974826    187271    36  268
2975472    187435    226  41
2985669    187905    22  49
2986243    188894    54  167
3011095    189122    237  233
3034762    189773    175  290
3040646    189875    41  377
3054898    191387    56  318
3057858    192236    377  372
3062277    192520    233  218
3075913    196677    290  169
3098908    197086    294  56
3102331    198672    336  59
3104788    200014    38  14
3108482    201417    361  379
3110740    201984    186  38
3124493    204789    318  230
3126514    205340    379  341
3168690    205589    244  145
3179229    205646    407  227
3188967    205927    270  270
3189560    206403    232  175
3191270    207054    341  315
3195724    207701    230  336
3197421    207796    366  16
3204388    208096    59  66
3209999    212572    207  232
3251775    212917    317  366
3257940    214836    315  317
3259926    215278    343  361
3262938    215415    238  285
3266077    216882    368  343
3267419    217522    417  22
3292457    220818    145  32
3316250    221593    269  267
3322414    222297    267  238
3325153    222455    323  417
3336074    224244    419  147
3389627    224459    275  368
3401533    224562    66  323
3460101    225386    32  407
3483208    229376    285  269
3549343    230242    147  39
3657246    233997    39  419
3676625    234070    146  287
3682790    239102    144  275
3705564    239911    227  144
3740094    247693    287  146
3750003    249737    152  284
3867377    257419    286  152
3873541    257520    284  286
3940754    267246    292  292
***********************************************************************************************************************
Distance and Time with their sorted indices
2701035    180902    0  0
2443461    158573    1  1
1835268    121694    2  2
1153782    68821    3  3
788091    53522    4  4
1559017    96064    5  5
2178053    122740    6  6
2277269    133762    7  7
2772149    162784    8  8
1488034    95717    9  9
391245    27491    10  10
1079731    63561    11  11
1222546    77644    12  12
1024309    66728    13  13
2918456    200014    14  14
2528123    165692    15  15
2912292    207796    16  16
2785009    184347    17  17
1034876    62353    18  18
1930341    111125    19  19
2120828    140049    20  20
302345    22807    21  21
2985669    217522    22  22
1797677    102641    23  23
2152460    125644    24  24
1474442    89351    25  25
1187312    76899    26  26
1950075    110814    27  27
459940    31988    28  28
345294    29780    29  29
1152877    84146    30  30
1919228    142831    31  31
3460101    220818    32  32
2750882    169056    33  33
2380730    145499    34  34
2479946    156522    35  35
2974826    185544    36  36
1323847    102220    37  37
3104788    201984    38  38
3657246    230242    39  39
2269172    144988    40  40
3040646    187435    41  41
588497    55741    42  42
430743    35674    43  43
705031    67207    44  44
455050    40074    45  45
1667236    117156    46  46
2201200    142106    47  47
806499    63049    48  48
2897304    187905    49  49
794300    80401    50  50
1600086    107498    51  51
2192040    147174    52  52
1251863    95932    53  53
2986243    185544    54  54
2152752    133573    55  55
3054898    197086    56  56
897164    62000    57  57
1663515    120685    58  58
3204388    198672    59  59
2495169    146911    60  60
2125017    123354    61  61
2224232    134376    62  62
2719113    163398    63  63
1068134    80074    64  64
2849075    179839    65  65
3401533    208096    66  66
2013459    122842    67  67
2784933    165289    68  68
480239    42535    69  69
89906    8213    70  70
474075    50317    71  71
346792    26868    72  72
1411522    95010    73  73
1945487    119960    74  74
550786    40903    75  75
2641590    165759    76  76
547453    60043    77  77
1344373    85352    78  78
1936327    125028    79  79
996150    73786    80  80
2730529    163398    81  81
1897038    111427    82  82
2799185    174940    83  83
734554    60427    84  84
2120421    145378    85  85
1654225    95147    86  86
1310544    75510    87  87
1409759    86532    88  88
1904640    115554    89  89
328088    27722    90  90
2077668    128053    91  91
2807760    169105    92  92
971953    71740    93  93
1743427    114187    94  94
1369302    103900    95  95
978969    69578    96  96
1363138    111682    97  97
1235855    88233    98  98
798667    59010    99  99
1104542    68196    100  100
573394    43867    101  101
2028735    129758    102  102
1436516    121408    103  103
560132    36886    104  104
1152086    76562    105  105
578539    41525    106  106
1689023    112296    107  107
1082565    63584    108  108
2186329    138939    109  109
1411772    88409    110  110
1172093    72209    111  111
1447652    84139    112  112
1546867    95161    113  113
2041748    124183    114  114
599385    40961    115  115
1369019    71084    116  116
2099111    112136    117  117
631678    41988    118  118
1106898    68618    119  119
2135737    162219    120  120
1745404    127897    121  121
2129573    170002    122  122
2002290    146552    123  123
554597    35818    124  124
1199940    72524    125  125
1338109    102254    126  126
1404642    77400    127  127
2202951    179727    128  128
769161    61206    129  129
1422059    87043    130  130
830138    56718    131  131
1122196    69525    132  132
1219673    72213    133  133
1562237    86581    134  134
1108563    65439    135  135
2117094    124414    136  136
2216309    135436    137  137
2711190    164458    138  138
2030731    128264    139  139
591445    34351    140  140
1329193    73662    141  141
1200871    76787    142  142
573855    36103    143  143
3682790    239911    144  144
3292457    205589    145  145
3676625    247693    146  146
3549343    224244    147  147
1707434    104346    148  148
1598205    97728    149  149
2886881    179878    150  150
944448    53187    151  151
3750003    257419    152  152
1866724    114485    153  153
2156616    130771    154  154
2146999    131344    155  155
736858    46275    156  156
1866919    113890    157  157
901238    54056    158  158
1151111    61245    159  159
1250326    72267    160  160
1745207    101289    161  161
1807453    101904    162  162
1518542    81396    163  163
2256290    120706    164  164
599566    35511    165  165
544679    30884    166  166
2967549    188894    167  167
2577216    154572    168  168
2961385    196677    169  169
2834102    173227    170  170
1734223    106577    171  171
632223    34559    172  172
2171640    128862    173  173
1871546    100232    174  174
3034762    206403    175  175
1151483    63469    176  176
1190634    67602    177  177
2057904    115708    178  178
381389    21409    179  179
900937    50721    180  180
1828336    101101    181  181
112968    12745    182  182
594023    42942    183  183
1462048    81453    184  184
2380648    124423    185  185
3110740    165476    186  186
1036502    59633    187  187
1664764    89807    188  188
2600900    164619    189  189
2210567    130297    190  190
2594736    172401    191  191
2467453    148952    192  192
1932628    112741    193  193
530473    27654    194  194
1804992    104586    195  195
2416271    130739    196  196
2668114    182127    197  197
781503    38343    198  198
163085    14490    199  199
1712500    95256    200  200
1501475    80331    201  201
244587    13861    202  202
2573866    139920    203  203
700480    54085    204  204
1561307    91845    205  205
2479907    134815    206  206
3209999    175868    207  207
1135761    70025    208  208
1764023    100199    209  209
2700159    175011    210  210
2309826    140689    211  211
2693995    182794    212  212
2566712    159344    213  213
2031886    123133    214  214
629732    38046    215  215
1904251    114979    216  216
2515530    141131    217  217
2767373    192520    218  218
880762    48735    219  219
224094    22019    220  220
1811759    105648    221  221
1600733    90723    222  222
343846    24253    223  223
2673124    150312    224  224
2056872    121623    225  225
2975472    164593    226  226
3705564    205646    227  227
1631326    99803    228  228
2259588    129977    229  229
3195724    204789    230  230
2805391    170467    231  231
3189560    212572    232  232
3062277    189122    233  233
2527451    152911    234  234
1125297    67824    235  235
2399816    144757    236  236
3011095    170909    237  237
3262938    222297    238  238
1376327    78513    239  239
787053    55969    240  240
2307324    135426    241  241
2096299    120501    242  242
839411    54031    243  243
3168690    180090    244  244
1966832    111410    245  245
2443329    146531    246  246
1060578    75616    247  247
1704711    108944    248  248
1538513    121938    249  249
1148180    87616    250  250
1532348    129721    251  251
1405066    106271    252  252
453319    33445    253  253
1252501    75768    254  254
740884    61973    255  255
1683387    104194    256  256
1605726    139446    257  257
733755    49010    258  258
1432909    85985    259  259
400708    29833    260  260
1720009    109851    261  261
1230524    71155    262  262
1840981    113375    263  263
730459    41173    264  264
1439123    79551    265  265
980235    50785    266  266
3322414    221593    267  267
2932081    187271    268  268
3316250    229376    269  269
3188967    205927    270  270
1438834    83933    271  271
2004585    112410    272  272
2524785    161629    273  273
345714    20698    274  274
3389627    239102    275  275
2014255    104548    276  276
2369038    127551    277  277
1878400    110930    278  278
1143238    60956    279  279
2166652    112721    280  280
302505    21567    281  281
2168993    120837    282  282
1717869    90388    283  283
3873541    249737    284  284
3483208    215415    285  285
3867377    257520    286  286
3740094    234070    287  287
1989961    112077    288  288
2742220    152012    289  289
3075913    189773    290  290
773300    44484    291  291
3940754    267246    292  292
2744125    145834    293  293
3098908    168837    294  294
2429527    139074    295  295
1880873    100559    296  296
2896522    154007    297  297
636932    36601    298  298
775423    44494    299  299
2485869    165326    300  300
2095536    131005    301  301
2479705    173109    302  302
2352422    149660    303  303
1186628    76301    304  304
606979    42307    305  305
1689961    105294    306  306
1475273    85993    307  307
2553083    182835    308  308
669803    39901    309  309
1024586    62904    310  310
1379037    92403    311  311
721019    42603    312  312
822201    48074    313  313
1632867    95174    314  314
3257940    207054    315  315
2867607    172732    316  316
3251775    214836    317  317
3124493    191387    318  318
1665423    103185    319  319
1153497    63088    320  320
2462031    147021    321  321
1336880    70264    322  322
3325153    224562    323  323
1441874    81628    324  324
1711908    96131    325  325
1940963    124085    326  326
180631    11361    327  327
1422211    79250    328  328
1293670    71134    329  329
535836    49221    330  330
425584    43710    331  331
136827    16216    332  332
1872264    136952    333  333
2406228    161902    334  334
1011527    82845    335  335
3102331    207701    336  336
535647    62301    337  337
1805114    127294    338  338
2397068    166970    339  339
1456891    115728    340  340
3191270    205340    341  341
2357779    153370    342  342
3259926    216882    343  343
390116    44693    344  344
415144    32387    345  345
1493555    101861    346  346
2027520    126811    347  347
632819    47754    348  348
2723623    172610    349  349
463493    54419    350  350
1426406    92203    351  351
2018360    131879    352  352
1078183    80637    353  353
2812562    170249    354  354
1979071    118278    355  355
2881218    181791    356  356
561716    59579    357  357
1878415    144529    358  358
2412379    169479    359  359
1017678    90422    360  360
3108482    215278    361  361
340672    37407    362  362
1811265    134871    363  363
2403219    174547    364  364
1463042    123305    365  365
3197421    212917    366  366
2363930    160946    367  367
3266077    224459    368  368
1738852    121487    369  369
2272816    146437    370  370
878115    67380    371  371
2968919    192236    372  372
621625    72913    373  373
1671702    111829    374  374
2263656    151505    375  375
1323479    100263    376  376
3057858    189875    377  377
2224367    137905    378  378
3126514    201417    379  379
1749592    107448    380  380
1086394    77985    381  381
1230642    71120    382  382
1951235    155458    383  383
1209968    80883    384  384
1909122    117858    385  385
440008    27287    386  386
1671848    104449    387  387
1706737    103028    388  388
1388236    80301    389  389
1600062    98056    390  390
2184243    119872    391  391
2463184    175597    392  392
576573    31812    393  393
562590    34462    394  394
1510256    89008    395  395
982673    54221    396  396
272893    17582    397  397
2341838    129053    398  398
2316497    146938    399  399
1090478    99610    400  400
1019279    66509    401  401
1611233    106184    402  402
671056    54965    403  403
2405436    144554    404  404
1571945    92584    405  405
2474091    156119    406  406
3179229    225386    407  407
2048395    111097    408  408
2403178    134101    409  409
1668002    97215    410  410
1498482    80566    411  411
2200792    119271    412  412
172332    12442    413  413
1881262    144410    414  414
2473216    184085    415  415
1533039    132843    416  416
3267419    222455    417  417
2433928    170485    418  418
3336074    233997    419  419
592706    40282    420  420
989505    61503    421  421
1385170    79390    422  422
553418    26681    423  423
2205463    119122    424  424
1688029    98585    425  425
1510075    86765    426  426
244191    19897    427  427
2549394    143249    428  428
1953932    125392    429  429
1486842    84864    430  430
1828449    106472    431  431
1251520    69826    432  432
1457643    81740    433  433
2346783    128044    434  434
