Sorted Distance and Sorted Time with their indices
0    0    0  0
0    0    1  1
0    0    2  2
0    0    3  3
0    0    4  4
0    0    5  5
0    0    6  6
0    0    7  7
0    0    8  8
0    0    9  9
0    0    10  10
0    0    11  11
0    0    12  12
0    0    13  13
0    0    14  14
0    0    15  15
0    0    16  16
0    0    17  17
0    0    18  18
0    0    19  19
0    0    20  20
0    0    21  21
0    0    22  22
0    0    23  23
0    0    24  24
0    0    25  25
0    0    26  26
0    0    27  27
0    0    28  28
0    0    29  29
0    0    30  30
0    0    31  31
0    0    32  32
0    0    33  33
0    0    34  34
0    0    35  35
0    0    36  36
0    0    37  37
0    0    38  38
0    0    39  39
0    0    40  40
0    0    41  41
0    0    42  42
0    0    43  43
0    0    44  44
0    0    45  45
0    0    46  46
0    0    47  47
0    0    48  48
0    0    49  49
0    0    50  50
0    0    51  51
0    0    52  52
0    0    53  53
0    0    54  54
0    0    55  55
0    0    56  56
0    0    57  57
0    0    58  58
0    0    59  59
0    0    60  60
0    0    61  61
0    0    62  62
0    0    63  63
0    0    64  64
0    0    65  65
0    0    66  66
0    0    67  67
0    0    68  68
0    0    69  69
0    0    70  70
0    0    71  71
0    0    72  72
0    0    73  73
0    0    74  74
0    0    75  75
0    0    76  76
0    0    77  77
0    0    78  78
0    0    79  79
0    0    80  80
0    0    81  81
0    0    82  82
0    0    83  83
0    0    89  89
0    0    95  95
0    0    96  96
0    0    97  97
0    0    98  98
0    0    101  101
0    0    107  107
0    0    109  109
0    0    114  114
0    0    120  120
0    0    121  121
0    0    122  122
0    0    123  123
0    0    126  126
0    0    132  132
0    0    134  134
0    0    137  137
0    0    138  138
0    0    140  140
0    0    142  142
0    0    144  144
0    0    145  145
0    0    146  146
0    0    147  147
0    0    150  150
0    0    153  153
0    0    156  156
0    0    158  158
0    0    161  161
0    0    167  167
0    0    168  168
0    0    169  169
0    0    170  170
0    0    173  173
0    0    175  175
0    0    179  179
0    0    181  181
0    0    183  183
0    0    189  189
0    0    190  190
0    0    191  191
0    0    192  192
0    0    195  195
0    0    197  197
0    0    201  201
0    0    203  203
0    0    204  204
0    0    205  205
0    0    210  210
0    0    211  211
0    0    212  212
0    0    213  213
0    0    214  214
0    0    216  216
0    0    218  218
0    0    221  221
0    0    222  222
0    0    224  224
0    0    225  225
0    0    226  226
0    0    227  227
0    0    228  228
0    0    229  229
0    0    230  230
0    0    231  231
0    0    232  232
0    0    233  233
0    0    234  234
0    0    235  235
0    0    236  236
0    0    237  237
0    0    238  238
0    0    239  239
0    0    240  240
0    0    241  241
0    0    242  242
0    0    243  243
0    0    244  244
0    0    249  249
0    0    250  250
0    0    251  251
0    0    252  252
0    0    255  255
0    0    257  257
0    0    261  261
0    0    263  263
0    0    267  267
0    0    268  268
0    0    269  269
0    0    270  270
0    0    273  273
0    0    279  279
0    0    281  281
0    0    284  284
0    0    285  285
0    0    286  286
0    0    287  287
0    0    290  290
0    0    296  296
0    0    298  298
0    0    300  300
0    0    301  301
0    0    302  302
0    0    303  303
0    0    306  306
0    0    312  312
0    0    314  314
0    0    315  315
0    0    316  316
0    0    317  317
0    0    318  318
0    0    321  321
0    0    327  327
0    0    329  329
0    0    330  330
0    0    331  331
0    0    332  332
0    0    333  333
0    0    334  334
0    0    335  335
0    0    336  336
0    0    337  337
0    0    338  338
0    0    339  339
0    0    340  340
0    0    341  341
0    0    342  342
0    0    343  343
0    0    344  344
0    0    345  345
0    0    346  346
0    0    347  347
0    0    348  348
0    0    349  349
0    0    350  350
0    0    351  351
0    0    352  352
0    0    353  353
0    0    354  354
0    0    355  355
0    0    356  356
0    0    357  357
0    0    358  358
0    0    359  359
0    0    360  360
0    0    361  361
0    0    362  362
0    0    363  363
0    0    364  364
0    0    365  365
0    0    366  366
0    0    367  367
0    0    368  368
0    0    369  369
0    0    370  370
0    0    371  371
0    0    372  372
0    0    373  373
0    0    374  374
0    0    375  375
0    0    376  376
0    0    377  377
0    0    378  378
0    0    379  379
0    0    381  381
0    0    383  383
0    0    387  387
0    0    389  389
0    0    390  390
0    0    392  392
0    0    396  396
0    0    398  398
0    0    399  399
0    0    400  400
0    0    401  401
0    0    402  402
0    0    403  403
0    0    404  404
0    0    405  405
0    0    406  406
0    0    411  411
0    0    413  413
0    0    417  417
0    0    419  419
0    0    422  422
0    0    424  424
0    0    426  426
0    0    428  428
0    0    429  429
0    0    431  431
0    0    432  432
0    0    433  433
0    0    434  434
120161    17400    182  199
254138    18000    199  274
261367    18407    202  202
316896    20700    397  182
318218    25322    427  386
358607    26802    274  397
373521    28500    223  90
377731    28614    220  427
411899    30114    90  106
438245    31914    386  423
515926    32700    166  260
525770    33300    423  166
527695    37200    143  309
531274    37620    104  194
545376    38100    420  104
555332    39000    194  253
584699    40939    309  143
618410    41400    394  393
621762    42000    253  198
637768    43089    260  313
660549    43200    172  118
675440    44400    215  420
687897    46073    393  223
693203    47214    118  131
705394    48300    305  115
712489    48900    124  124
723163    48960    313  299
742895    52500    115  172
756629    52800    198  264
792078    53220    264  187
813517    53400    165  99
833366    54000    299  394
834562    56100    131  305
845075    58500    106  291
854787    60300    219  129
910895    63000    291  100
912177    63593    129  108
939144    63900    258  215
949208    64200    180  258
953030    64500    187  220
1012959    65400    310  84
1016923    67080    108  165
1056121    67920    100  119
1058137    68100    105  320
1070581    69060    135  93
1071665    71700    93  421
1073040    72300    208  310
1076681    72691    84  430
1080955    73200    141  219
1111774    73209    421  180
1128348    75600    119  184
1145525    77100    266  208
1189199    77400    247  382
1190442    77479    320  135
1226360    78000    382  87
1238455    79200    177  127
1240189    79500    87  384
1263178    79800    151  200
1278246    80400    99  271
1293212    82200    111  105
1317965    82920    160  188
1324468    83003    262  133
1360192    83700    88  266
1369337    83829    304  328
1393388    85800    127  125
1397823    87000    125  111
1411982    87014    159  311
1413846    88629    133  262
1415219    88879    324  141
1433113    89400    328  248
1450905    89700    254  304
1451282    89700    176  307
1453473    90300    322  324
1458307    90600    103  112
1474142    92400    430  247
1481437    92880    307  177
1496584    93300    283  159
1520525    93379    384  151
1522557    93420    271  160
1525692    96300    311  130
1551484    96300    184  322
1557783    96900    416  176
1592321    96900    163  254
1618750    97100    395  395
1641190    98580    112  283
1664871    98700    410  425
1665189    99654    188  388
1667622    99900    259  259
1667629    100200    149  193
1677886    100279    110  149
1702597    100322    200  410
1710266    100800    130  116
1717157    102000    94  325
1723611    102600    425  88
1750390    103500    174  319
1752436    105900    116  408
1761331    106200    113  86
1765007    106200    319  265
1778555    106314    265  278
1785612    107280    209  94
1809923    107748    86  412
1848033    108340    256  326
1859445    109054    325  110
1907924    112800    388  380
1910078    113022    157  157
1945456    113700    380  113
1960969    114900    326  385
1963369    120600    414  256
1964063    121260    278  163
1970909    123600    171  391
1971569    125340    193  209
2010440    126379    248  136
2037510    126900    164  102
2066564    127200    408  196
2135800    129000    288  174
2137136    133879    245  154
2137420    137400    136  416
2149719    138300    162  171
2189073    138600    154  288
2197378    138600    85  409
2202319    140400    385  245
2205075    143400    412  117
2221183    146400    272  277
2237204    146700    117  91
2254101    150180    178  162
2303592    151500    148  282
2323078    151800    391  276
2363493    152280    276  178
2372945    154200    139  185
2391322    154800    282  103
2393978    155314    128  85
2433785    158229    196  280
2464170    159300    155  272
2481979    161100    409  217
2500115    161493    280  155
2504085    162900    102  164
2508799    163800    415  289
2513088    164179    418  148
2553906    165900    217  414
2577083    169579    295  139
2608059    169860    308  295
2675728    171347    289  297
2688728    176400    277  246
2698611    182700    246  206
2723150    183300    185  92
2862956    186300    91  293
2866293    189083    297  418
2912954    192600    206  294
2977529    193200    293  186
3172254    217200    323  415
3227476    233700    407  207
3286661    247500    186  323
3302387    249300    92  407
3395389    262800    294  128
3397333    264300    207  275
3523613    288300    275  308
3729618    289579    152  152
4079713    308700    292  292
***********************************************************************************************************************
Distance and Time with their sorted indices
0    0    0  0
0    0    1  1
0    0    2  2
0    0    3  3
0    0    4  4
0    0    5  5
0    0    6  6
0    0    7  7
0    0    8  8
0    0    9  9
0    0    10  10
0    0    11  11
0    0    12  12
0    0    13  13
0    0    14  14
0    0    15  15
0    0    16  16
0    0    17  17
0    0    18  18
0    0    19  19
0    0    20  20
0    0    21  21
0    0    22  22
0    0    23  23
0    0    24  24
0    0    25  25
0    0    26  26
0    0    27  27
0    0    28  28
0    0    29  29
0    0    30  30
0    0    31  31
0    0    32  32
0    0    33  33
0    0    34  34
0    0    35  35
0    0    36  36
0    0    37  37
0    0    38  38
0    0    39  39
0    0    40  40
0    0    41  41
0    0    42  42
0    0    43  43
0    0    44  44
0    0    45  45
0    0    46  46
0    0    47  47
0    0    48  48
0    0    49  49
0    0    50  50
0    0    51  51
0    0    52  52
0    0    53  53
0    0    54  54
0    0    55  55
0    0    56  56
0    0    57  57
0    0    58  58
0    0    59  59
0    0    60  60
0    0    61  61
0    0    62  62
0    0    63  63
0    0    64  64
0    0    65  65
0    0    66  66
0    0    67  67
0    0    68  68
0    0    69  69
0    0    70  70
0    0    71  71
0    0    72  72
0    0    73  73
0    0    74  74
0    0    75  75
0    0    76  76
0    0    77  77
0    0    78  78
0    0    79  79
0    0    80  80
0    0    81  81
0    0    82  82
0    0    83  83
1076681    65400    84  84
2197378    155314    85  85
1809923    106200    86  86
1240189    78000    87  87
1360192    102600    88  88
0    0    89  89
411899    28500    90  90
2862956    146700    91  91
3302387    183300    92  92
1071665    69060    93  93
1717157    107280    94  94
0    0    95  95
0    0    96  96
0    0    97  97
0    0    98  98
1278246    53400    99  99
1056121    63000    100  100
0    0    101  101
2504085    126900    102  102
1458307    154800    103  103
531274    38100    104  104
1058137    82200    105  105
845075    30114    106  106
0    0    107  107
1016923    63593    108  108
0    0    109  109
1677886    109054    110  110
1293212    87000    111  111
1641190    90600    112  112
1761331    113700    113  113
0    0    114  114
742895    48300    115  115
1752436    100800    116  116
2237204    143400    117  117
693203    43200    118  118
1128348    67920    119  119
0    0    120  120
0    0    121  121
0    0    122  122
0    0    123  123
712489    48900    124  124
1397823    85800    125  125
0    0    126  126
1393388    79200    127  127
2393978    262800    128  128
912177    60300    129  129
1710266    96300    130  130
834562    47214    131  131
0    0    132  132
1413846    83003    133  133
0    0    134  134
1070581    77479    135  135
2137420    126379    136  136
0    0    137  137
0    0    138  138
2372945    169579    139  139
0    0    140  140
1080955    88879    141  141
0    0    142  142
527695    40939    143  143
0    0    144  144
0    0    145  145
0    0    146  146
0    0    147  147
2303592    164179    148  148
1667629    100279    149  149
0    0    150  150
1263178    93379    151  151
3729618    289579    152  152
0    0    153  153
2189073    133879    154  154
2464170    161493    155  155
0    0    156  156
1910078    113022    157  157
0    0    158  158
1411982    93300    159  159
1317965    93420    160  160
0    0    161  161
2149719    150180    162  162
1592321    121260    163  163
2037510    162900    164  164
813517    67080    165  165
515926    33300    166  166
0    0    167  167
0    0    168  168
0    0    169  169
0    0    170  170
1970909    138300    171  171
660549    52500    172  172
0    0    173  173
1750390    129000    174  174
0    0    175  175
1451282    96900    176  176
1238455    92880    177  177
2254101    152280    178  178
0    0    179  179
949208    73209    180  180
0    0    181  181
120161    20700    182  182
0    0    183  183
1551484    75600    184  184
2723150    154200    185  185
3286661    193200    186  186
953030    53220    187  187
1665189    82920    188  188
0    0    189  189
0    0    190  190
0    0    191  191
0    0    192  192
1971569    100200    193  193
555332    37620    194  194
0    0    195  195
2433785    127200    196  196
0    0    197  197
756629    42000    198  198
254138    17400    199  199
1702597    79800    200  200
0    0    201  201
261367    18407    202  202
0    0    203  203
0    0    204  204
0    0    205  205
2912954    182700    206  206
3397333    233700    207  207
1073040    77100    208  208
1785612    125340    209  209
0    0    210  210
0    0    211  211
0    0    212  212
0    0    213  213
0    0    214  214
675440    63900    215  215
0    0    216  216
2553906    161100    217  217
0    0    218  218
854787    73200    219  219
377731    64500    220  220
0    0    221  221
0    0    222  222
373521    46073    223  223
0    0    224  224
0    0    225  225
0    0    226  226
0    0    227  227
0    0    228  228
0    0    229  229
0    0    230  230
0    0    231  231
0    0    232  232
0    0    233  233
0    0    234  234
0    0    235  235
0    0    236  236
0    0    237  237
0    0    238  238
0    0    239  239
0    0    240  240
0    0    241  241
0    0    242  242
0    0    243  243
0    0    244  244
2137136    140400    245  245
2698611    176400    246  246
1189199    92400    247  247
2010440    89400    248  248
0    0    249  249
0    0    250  250
0    0    251  251
0    0    252  252
621762    39000    253  253
1450905    96900    254  254
0    0    255  255
1848033    120600    256  256
0    0    257  257
939144    64200    258  258
1667622    99900    259  259
637768    32700    260  260
0    0    261  261
1324468    88629    262  262
0    0    263  263
792078    52800    264  264
1778555    106200    265  265
1145525    83700    266  266
0    0    267  267
0    0    268  268
0    0    269  269
0    0    270  270
1522557    80400    271  271
2221183    159300    272  272
0    0    273  273
358607    18000    274  274
3523613    264300    275  275
2363493    151800    276  276
2688728    146400    277  277
1964063    106314    278  278
0    0    279  279
2500115    158229    280  280
0    0    281  281
2391322    151500    282  282
1496584    98580    283  283
0    0    284  284
0    0    285  285
0    0    286  286
0    0    287  287
2135800    138600    288  288
2675728    163800    289  289
0    0    290  290
910895    58500    291  291
4079713    308700    292  292
2977529    186300    293  293
3395389    192600    294  294
2577083    169860    295  295
0    0    296  296
2866293    171347    297  297
0    0    298  298
833366    48960    299  299
0    0    300  300
0    0    301  301
0    0    302  302
0    0    303  303
1369337    89700    304  304
705394    56100    305  305
0    0    306  306
1481437    89700    307  307
2608059    288300    308  308
584699    37200    309  309
1012959    72300    310  310
1525692    87014    311  311
0    0    312  312
723163    43089    313  313
0    0    314  314
0    0    315  315
0    0    316  316
0    0    317  317
0    0    318  318
1765007    103500    319  319
1190442    68100    320  320
0    0    321  321
1453473    96300    322  322
3172254    247500    323  323
1415219    90300    324  324
1859445    102000    325  325
1960969    108340    326  326
0    0    327  327
1433113    83829    328  328
0    0    329  329
0    0    330  330
0    0    331  331
0    0    332  332
0    0    333  333
0    0    334  334
0    0    335  335
0    0    336  336
0    0    337  337
0    0    338  338
0    0    339  339
0    0    340  340
0    0    341  341
0    0    342  342
0    0    343  343
0    0    344  344
0    0    345  345
0    0    346  346
0    0    347  347
0    0    348  348
0    0    349  349
0    0    350  350
0    0    351  351
0    0    352  352
0    0    353  353
0    0    354  354
0    0    355  355
0    0    356  356
0    0    357  357
0    0    358  358
0    0    359  359
0    0    360  360
0    0    361  361
0    0    362  362
0    0    363  363
0    0    364  364
0    0    365  365
0    0    366  366
0    0    367  367
0    0    368  368
0    0    369  369
0    0    370  370
0    0    371  371
0    0    372  372
0    0    373  373
0    0    374  374
0    0    375  375
0    0    376  376
0    0    377  377
0    0    378  378
0    0    379  379
1945456    112800    380  380
0    0    381  381
1226360    77400    382  382
0    0    383  383
1520525    79500    384  384
2202319    114900    385  385
438245    25322    386  386
0    0    387  387
1907924    99654    388  388
0    0    389  389
0    0    390  390
2323078    123600    391  391
0    0    392  392
687897    41400    393  393
618410    54000    394  394
1618750    97100    395  395
0    0    396  396
316896    26802    397  397
0    0    398  398
0    0    399  399
0    0    400  400
0    0    401  401
0    0    402  402
0    0    403  403
0    0    404  404
0    0    405  405
0    0    406  406
3227476    249300    407  407
2066564    105900    408  408
2481979    138600    409  409
1664871    100322    410  410
0    0    411  411
2205075    107748    412  412
0    0    413  413
1963369    165900    414  414
2508799    217200    415  415
1557783    137400    416  416
0    0    417  417
2513088    189083    418  418
0    0    419  419
545376    44400    420  420
1111774    71700    421  421
0    0    422  422
525770    31914    423  423
0    0    424  424
1723611    98700    425  425
0    0    426  426
318218    28614    427  427
0    0    428  428
0    0    429  429
1474142    72691    430  430
0    0    431  431
0    0    432  432
0    0    433  433
0    0    434  434
